1111111111111111111111111111111111111111
1000000000000000000000001000000000000001
1000000000000000000000001000000000000001
1000000000000000000000001000000000000001
1000111111111111111110001000111111110001
1111100000000000000010001000110000010001
1000100000000000000010001000000000010001
1000100000000000000010001000000000010001
1000100011111111111110001000000000010001
1000100011111110000010001111110000010001
1000100000000000000010001111111111110001
1000000000000000000010000000000000000001
1000000000000000000010000000000000000001
1000000011111110000010000000000000000001
1111111111111111111111111111111111111111
1000100000000000000000000000000001000001
1000100000000000000000000000000001000001
1000100000000000000000000000000001000001
1000000011111111111111111111100001000001
1000000010000010000010000000110001000001
1000000010000010000010000000100000100011
1111111110000010000010000000100000100011
1000000000000010000010001000100000100011
1000000000000010000010001000100000100011
1000000000000011000110001000100000100011
1000111111111111000110001000100000100011
1000000000000000000100001000000000000011
1000000000000000000100001000000000000011
1000000000000000000100001000000000000011
1111111111111111111111111111111111111111